0 69
0 50
0 46
0 20
1 41
1 14
1 69
2 67
2 50
2 46
2 3
2 38
2 42
2 76
3 67
3 50
3 38
3 46
3 39
4 32
4 29
4 31
5 50
5 46
6 69
6 50
6 46
6 55
6 49
7 50
7 46
7 67
7 55
7 18
7 23
8 50
8 46
9 40
9 65
10 19
10 65
10 30
10 59
11 63
11 69
11 50
12 50
12 46
13 50
13 46
13 67
14 50
15 32
15 29
15 46
16 50
16 46
16 49
16 55
16 67
17 50
17 46
18 50
18 46
19 65
19 50
19 59
19 46
19 49
20 50
20 69
20 46
21 50
21 69
21 46
21 49
21 55
21 41
21 54
22 50
22 46
22 69
22 55
22 67
24 50
24 46
25 65
25 46
26 50
26 46
26 67
26 49
27 49
27 33
27 50
27 55
27 69
27 46
28 50
29 32
29 46
29 50
30 59
31 32
32 46
32 50
33 49
33 50
33 55
33 46
33 69
34 50
34 55
34 69
35 50
36 46
36 50
37 73
37 50
37 46
37 64
38 39
38 67
40 46
40 50
41 50
41 46
41 69
41 67
42 53
42 66
42 67
42 43
42 46
42 50
44 69
44 50
45 50
45 49
45 46
46 50
46 67
46 55
46 69
46 49
46 65
46 70
46 53
46 72
46 66
46 71
46 78
46 62
46 58
46 73
46 48
46 47
46 52
46 57
46 51
46 68
46 56
46 60
47 50
48 50
48 67
49 50
49 55
49 69
49 65
50 55
50 69
50 67
50 65
50 70
50 53
50 72
50 66
50 78
50 62
50 58
50 73
50 52
50 57
50 51
50 61
50 68
50 56
50 59
50 54
50 74
52 53
52 67
53 67
53 75
55 69
55 67
55 72
55 78
55 58
57 67
59 65
61 68
62 67
64 73
66 67
67 72
67 78
67 68
67 75
67 76
69 70
69 73
76 77
