0.08117 0.17865 -0.32159
0.19819 -0.29343 -0.59137
0.14458 -0.23318 0.35582
0.164 -0.33354 0.30122
-0.70725 0.41989 -0.35766
-0.10526 0.36284 -0.04493
0.04757 0.03682 -0.27133
-0.26392 -0.32253 8e-05
-0.36472 0.05221 -0.07089
0.13063 0.75463 0.23573
0.42524 0.61036 0.25079
0.22563 0.13546 -0.59708
-0.06893 0.2229 0.27702
0.18006 -0.05161 0.25253
0.01108 -0.19811 -0.56611
-0.36871 0.37786 -0.23685
0.04754 -0.16224 0.01546
-0.20109 0.27787 0.16797
-0.34452 -0.16173 -0.04132
0.24304 0.30863 0.097
0.18667 0.15807 -0.26985
0.21428 -0.12141 -0.19077
0.16686 -0.1963 -0.06584
-0.6314 -0.65135 0.00407
0.16568 0.3165 -0.08164
0.02625 0.44887 0.30234
0.2209 -0.05842 0.10541
-0.00077 -0.07832 -0.28795
4e-05 -0.54058 -0.19442
-0.37746 0.2268 -0.22904
0.57425 0.76544 0.36201
-0.83885 0.50828 -0.36041
-0.46394 0.28033 -0.20803
-0.06462 -0.02187 -0.26172
0.05148 -0.27748 -0.382
-0.53498 0.09535 0.09333
-0.29838 0.23893 0.04708
0.42147 0.05441 -0.10032
0.21939 -0.48993 0.47066
0.31772 -0.65142 0.58131
0.014 0.43908 0.11535
0.13044 -0.23787 -0.21031
-0.02506 -0.13146 0.42467
-0.08893 -0.20055 0.89698
0.26721 -0.0367 -0.47168
0.03166 0.28035 -0.1773
-0.04156 0.0419 0.00098
0.27496 0.13464 0.15185
-0.22231 -0.16753 0.15406
0.12112 0.0747 -0.09952
-0.01479 -0.00645 -0.03776
-0.27874 0.14804 0.21353
-0.15027 -0.24237 0.19546
-0.08554 -0.26347 0.30658
0.38101 -0.26922 -0.22188
0.00743 -0.17874 -0.13438
-0.21675 0.2845 -0.11978
-0.07789 -0.02206 0.29328
-0.17636 -0.23969 -0.20694
0.34082 0.45695 0.20104
-0.02998 0.55126 -0.19456
-0.41924 -0.06924 0.28322
-0.08751 -0.32769 0.10009
0.39823 0.27882 -1.0
0.74792 0.04321 -0.24594
0.16393 0.38954 0.13202
0.04175 -0.02976 0.32107
0.03524 -0.25101 0.20678
-0.22553 -0.08155 0.25232
0.1313 -0.05049 -0.32049
-0.08326 0.08849 -0.37095
-0.54774 -0.07731 -0.1446
-0.04393 -0.3137 -0.0199
0.37637 0.02738 -0.19484
-0.37009 -0.19183 -0.40192
-0.08918 -0.53592 0.48032
0.31706 -0.42221 0.64166
0.54693 -0.59057 0.98125
0.11838 -0.28909 0.03152
