0 61
0 17
0 19
0 60
0 13
0 14
0 30
0 12
0 33
0 3
0 15
0 28
0 6
0 46
0 27
0 37
0 8
0 50
0 54
0 24
0 35
0 53
0 20
0 39
0 57
0 38
0 47
0 48
0 62
0 16
0 10
0 32
0 5
0 26
0 29
0 2
0 49
0 1
0 56
0 21
0 22
0 45
0 7
0 43
3 61
4 61
5 61
6 28
6 61
6 37
6 50
6 53
7 61
8 61
9 61
10 61
11 39
11 14
12 61
12 14
12 13
12 46
12 48
13 60
13 61
13 14
13 46
13 27
13 59
13 24
13 39
13 31
13 51
13 34
13 25
14 61
14 27
14 59
14 24
14 39
14 47
14 51
16 61
17 19
17 61
17 54
17 18
18 19
19 61
19 54
20 31
20 61
20 60
22 61
23 61
24 27
24 59
24 61
24 60
24 39
24 25
25 60
25 59
26 61
27 60
27 61
27 39
28 61
28 53
30 60
30 61
30 35
30 55
31 59
32 61
33 61
33 62
33 34
34 61
35 60
35 61
36 61
37 61
38 61
39 60
39 59
39 61
40 61
41 61
42 61
42 43
43 61
44 61
45 61
46 61
46 50
47 61
47 60
48 61
49 61
50 61
52 61
53 61
54 61
55 60
56 57
56 61
57 61
58 61
59 60
59 61
60 61
61 62
