0.00069 -0.12927 -0.14419
0.15117 -0.31987 -0.8903
0.32217 -0.60977 -0.66531
-0.01388 0.44036 -0.30117
-0.1071 0.81998 0.30294
-0.00196 -0.53768 0.07275
0.05686 0.10509 -0.51848
-0.38354 -0.14539 -0.45298
-0.07787 -0.45639 -0.26299
-0.82308 0.28954 0.27072
-0.33595 0.20447 -0.46648
0.91515 0.51236 0.32958
0.21979 0.2854 0.16897
0.5047 0.10277 0.2359
0.48549 0.2273 0.25097
-0.09306 -0.58358 -0.77432
-0.27298 0.36794 -0.30584
-0.4946 -0.49773 0.10674
-0.83288 -0.83013 0.3337
-0.48758 -0.43831 0.22635
0.54032 0.1102 -0.18094
-0.08603 -0.83068 -0.48522
0.08669 -0.42237 0.26561
-0.55347 0.53899 0.48574
0.49472 -0.07338 0.18989
0.91958 -0.09211 0.27871
-0.25514 -0.49026 -0.07534
0.33469 -0.02709 0.18808
-0.14675 0.01311 -0.56325
0.25031 -0.84117 -0.33803
0.50279 -0.28621 -0.18733
0.99418 0.22484 0.03474
-0.36561 -0.34329 -0.31169
0.00645 -0.11131 0.46405
0.22578 0.07238 0.61441
0.31472 -0.31143 -0.12832
-0.37844 0.03727 0.77502
-0.04638 0.26344 -0.5099
-0.5549 -0.02578 0.03088
0.5088 0.18625 0.10558
-0.67984 0.14656 0.55856
-0.32277 0.35736 0.73507
-0.45874 0.68914 0.12918
-0.33186 0.40887 0.00238
-0.24889 0.84972 -0.0831
-0.1576 -0.40263 0.29813
0.25689 0.31131 -0.07411
0.35015 0.07317 -0.06592
-0.02277 0.32825 0.22043
-0.53322 -0.19861 -0.17541
0.18965 0.26426 -0.36547
0.88612 0.29998 0.59231
-0.16846 0.6205 0.6056
-0.00475 -0.09247 -0.53558
-0.44246 -0.28667 0.11839
1.0 -0.40296 -0.22887
-0.52514 0.13721 -0.20837
-0.50828 0.0333 -0.34685
-0.73322 0.56001 0.02663
0.68298 0.09516 0.17968
0.54934 -0.11108 -0.00611
-0.09711 0.08414 0.05633
-0.2039 -0.16301 0.39782
