0 57
0 88
0 46
0 45
0 78
1 81
1 67
1 113
1 45
1 44
1 83
1 38
1 109
1 3
2 78
2 77
2 15
2 69
2 45
2 53
3 67
3 81
3 90
4 57
4 45
4 60
4 78
4 44
4 33
4 55
4 5
4 38
4 71
4 89
5 45
6 103
6 73
6 45
7 45
7 78
7 8
8 45
8 78
9 107
9 45
9 102
9 78
10 12
10 57
10 73
10 45
10 65
10 78
10 27
10 103
10 115
10 44
10 50
11 21
11 45
11 103
11 17
11 116
11 83
11 78
11 20
11 30
12 57
12 73
12 27
12 45
13 27
13 26
13 45
13 83
13 25
14 45
15 78
15 45
15 16
15 77
15 54
15 62
15 69
15 101
15 53
16 78
16 54
16 45
16 77
17 45
18 45
18 78
19 57
19 55
19 45
21 45
22 30
22 39
22 103
23 46
23 47
24 44
24 78
25 27
25 26
25 45
25 78
25 44
26 27
26 45
27 44
27 30
27 45
27 103
27 78
27 57
27 73
27 83
27 99
27 84
27 96
27 117
27 75
27 114
27 111
27 38
27 32
27 91
27 36
27 106
28 45
28 78
28 46
29 45
30 39
30 103
30 45
30 116
30 83
30 52
31 55
31 115
31 57
31 73
31 45
31 103
31 78
31 56
32 45
32 78
33 46
33 55
33 78
33 45
33 73
33 58
33 44
33 105
33 75
33 111
34 59
34 66
35 45
35 78
35 70
35 110
36 45
36 73
36 57
36 44
37 45
38 90
38 67
38 81
38 57
38 45
39 103
40 87
40 45
41 44
41 45
41 78
41 77
42 45
42 44
43 45
43 81
43 107
43 44
44 45
44 78
44 77
44 73
44 70
44 110
44 83
44 116
44 56
44 52
44 90
44 99
44 97
44 84
44 67
44 96
44 117
44 113
44 114
44 111
44 94
44 53
44 76
45 78
45 57
45 100
45 46
45 55
45 77
45 70
45 110
45 103
45 73
45 83
45 116
45 56
45 115
45 59
45 81
45 86
45 60
45 52
45 90
45 99
45 97
45 84
45 62
45 88
45 67
45 102
45 51
45 96
45 117
45 75
45 113
45 114
45 64
45 107
45 69
45 111
45 94
45 98
45 109
45 65
45 85
45 68
45 87
45 101
45 91
45 79
45 104
45 63
45 71
45 76
45 48
45 50
45 61
45 89
45 95
45 80
45 106
45 112
45 118
46 78
46 57
46 47
46 73
46 55
46 86
46 97
46 62
46 102
46 51
46 75
46 72
46 95
46 80
47 78
47 57
49 98
49 107
50 57
50 73
51 78
52 116
52 103
53 78
53 77
54 78
55 57
55 100
55 73
55 115
55 56
55 59
55 90
55 99
55 75
55 111
55 91
55 95
56 73
56 115
56 57
56 78
56 95
57 100
57 73
57 78
57 115
57 59
57 81
57 60
57 90
57 99
57 88
57 96
57 75
57 111
57 91
57 72
57 71
57 95
58 105
59 66
59 92
62 78
64 78
64 81
65 115
66 92
67 81
67 90
67 113
67 93
67 118
68 83
68 78
69 78
69 77
70 110
70 78
70 77
70 94
70 108
71 81
73 100
73 103
73 78
73 115
73 90
73 99
73 84
73 102
73 96
73 117
73 75
73 107
73 111
73 91
73 95
73 74
74 103
75 78
76 78
76 77
77 78
77 110
77 97
77 114
78 100
78 110
78 103
78 115
78 86
78 97
78 84
78 88
78 102
78 96
78 117
78 114
78 107
78 111
78 94
78 85
78 101
78 91
78 79
78 80
78 112
81 90
81 107
81 98
81 82
81 93
83 103
83 116
83 99
83 84
83 113
83 109
84 103
84 116
87 89
94 103
98 107
102 107
103 116
103 117
103 111
108 110
