-0.3215 -0.01739 0.09292
0.17075 -0.21248 0.00505
0.28215 0.04093 0.34221
0.16452 -0.60276 0.00067
0.12034 -0.18856 -0.19418
0.33466 -0.21397 -0.29872
-0.39391 0.21097 -0.08409
0.00276 0.17505 0.44676
0.05107 0.24452 0.39633
-0.07047 -0.11286 0.42921
-0.21414 0.0413 -0.15702
-0.13078 0.45409 -0.05312
-0.22336 0.02909 -0.30707
0.14547 0.32956 -0.24281
-0.2498 0.47112 0.29131
0.1635 -0.04435 0.39278
0.23217 -0.10735 0.37201
0.00432 0.58359 0.00915
0.20956 0.22272 0.36406
-0.22202 -0.29033 -0.30045
-0.2747 0.92833 -0.12205
-0.12957 0.56415 0.08843
-0.45525 0.55478 -0.35552
-0.68358 -0.33609 0.24948
0.3541 -0.06225 -0.20082
0.16063 0.20191 -0.17079
0.16212 0.28299 -0.33109
-0.02371 0.11424 -0.17353
-0.28342 -0.14638 0.29603
-0.29083 -0.34062 0.3673
-0.21467 0.37774 -0.2388
-0.2679 -0.00308 -0.08558
0.06417 0.32957 0.01102
-0.14222 -0.24008 -0.27462
0.35081 0.20596 -1.0
0.394 -0.05275 0.12563
-0.0413 -0.03823 -0.32942
0.01457 0.42426 0.4755
0.07999 -0.27372 -0.09987
-0.44857 0.50451 -0.42946
0.51946 0.28524 0.07239
0.3178 0.04891 0.0559
0.36631 0.14959 -0.20837
0.15841 -0.31065 0.17425
0.09524 -0.0228 -0.06778
0.00967 0.03915 0.04415
-0.28028 -0.1702 0.0923
-0.4359 -0.25943 0.12793
0.35442 0.48441 0.10724
0.19521 -0.39126 0.71886
-0.39968 -0.04828 -0.14199
-0.26242 -0.06069 0.34126
-0.07124 0.28649 -0.27456
0.33375 -0.04368 0.26718
0.25074 -0.17136 0.52683
-0.1171 -0.15466 -0.22249
-0.16381 -0.15749 -0.044
-0.14027 -0.16115 -0.13417
-0.23219 -0.50285 -0.70593
0.1806 0.03518 -0.58277
0.0515 -0.28623 -0.33354
-0.05154 0.52039 0.33962
-0.09876 -0.11331 0.35681
-0.36629 0.3511 0.33207
-0.00495 -0.34334 0.25822
-0.42032 0.00879 -0.25337
0.40561 0.11227 -0.99879
0.19341 -0.39557 -0.01383
-0.00872 0.33538 0.13803
0.20978 0.07518 0.38346
0.32364 -0.13456 0.06889
0.02547 -0.41559 -0.11475
-0.51094 -0.40617 -0.07908
-0.17158 -0.04266 -0.09477
-0.51739 0.16605 -0.35085
-0.20967 -0.12604 -0.09632
0.29184 0.12779 0.12062
0.23819 -0.0159 0.19586
-0.00929 0.00115 0.11779
-0.11028 0.18182 0.42534
-0.30651 0.00833 0.29955
0.08148 -0.45646 0.11293
0.1243 -0.92663 0.30247
0.03164 0.19454 -0.10364
-0.09729 0.20175 -0.0539
-0.19859 0.14809 0.403
-0.33602 0.06387 0.2337
0.54109 0.16861 -0.04281
-0.33106 -0.09042 0.10639
0.45097 -0.01422 -0.16718
0.0079 -0.32765 -0.06248
-0.03551 -0.0905 -0.20967
0.48684 0.15631 -0.9399
0.24573 -0.78137 0.08513
0.07729 0.03307 -0.03588
-0.2946 -0.25016 -0.09466
0.03199 -0.03216 -0.18541
0.01104 -0.13854 0.18994
0.12058 -0.36787 0.42543
-0.03133 0.02788 -0.27336
-0.17244 -0.25729 -0.01127
0.06208 0.02471 0.476
-0.15893 -0.15734 0.23826
-0.22173 0.22942 -0.1782
0.23045 0.51905 0.26055
-0.31487 -0.53632 -0.65576
0.06007 0.42584 -0.25595
0.01986 -0.25023 0.31295
0.67228 -0.34114 0.14739
0.19741 0.15326 0.12719
0.36342 -0.15306 0.12393
-0.1173 -0.00296 -0.19667
0.14216 0.3164 0.28789
0.25029 -0.12697 -0.11718
0.20932 0.14234 -0.00714
-0.28246 -0.08742 -0.14049
-0.07892 0.324 -0.15647
-0.13582 0.15328 -0.09767
0.37682 -0.3852 -0.00154
