0 27
0 26
1 26
1 27
1 18
1 10
1 7
1 41
1 12
1 8
1 32
1 22
2 17
2 19
2 43
2 37
2 34
2 39
3 26
3 27
4 9
4 27
4 26
5 18
5 40
5 44
5 41
5 6
7 27
7 10
7 26
7 18
7 23
8 27
9 26
9 27
10 26
10 27
10 18
10 35
10 23
11 27
11 26
11 14
12 27
12 26
13 37
13 34
13 38
13 33
14 18
14 27
15 35
15 18
15 25
16 35
16 26
17 26
17 27
17 19
17 37
17 35
17 34
17 38
17 21
17 39
18 27
18 26
18 20
18 36
18 23
18 41
18 29
19 37
19 26
19 27
19 34
19 35
20 41
21 37
21 34
21 26
22 27
23 35
23 27
23 26
24 36
24 26
24 27
24 35
25 27
26 27
26 35
26 36
26 37
26 34
26 30
26 45
26 40
26 42
26 28
26 41
27 35
27 36
27 30
27 45
27 28
27 32
30 32
31 35
33 37
33 34
34 37
34 38
35 36
37 38
37 39
40 41
41 42
