0.20776 0.43244 0.10622
-0.20632 0.1937 -0.2958
0.61882 -0.07379 0.58833
-0.03231 0.46578 0.18534
-0.14145 0.28696 0.31004
-0.60801 -0.58246 -0.34596
-0.79567 -1.0 -0.4156
-0.26052 0.04744 -0.1263
-0.20651 0.44913 -0.48157
-0.14356 0.13635 0.32924
-0.13044 0.02369 -0.15512
-0.33909 0.17658 0.17156
0.03205 0.23046 -0.36929
0.69609 -0.44556 0.5745
-0.5136 0.1886 0.00389
-0.29331 0.3118 -0.20174
0.38451 -0.16242 -0.2147
0.34867 -0.0645 0.3045
-0.37372 -0.04661 -0.24258
0.32705 0.00356 0.22654
-0.60858 -0.27871 -0.47203
0.26457 -0.27786 0.31541
-0.33339 0.52787 -0.31908
-0.07869 -0.06357 -0.20811
0.22807 0.183 -0.24316
-0.36698 0.61935 -0.07042
0.04267 0.02609 0.02398
-0.05403 0.24561 -0.04459
0.09589 0.33275 0.28549
-0.86808 -0.06035 -0.40312
0.09495 0.4896 -0.13893
0.6057 0.05248 -0.47484
-0.05457 0.56427 -0.31614
0.5744 -0.48334 0.66607
0.46459 -0.24757 0.38171
0.19152 0.04833 -0.12815
0.00398 0.08187 -0.26178
0.43534 -0.20999 0.46302
0.67076 -0.30195 0.46408
0.51349 -0.12169 0.71833
-0.32679 -0.42889 -0.13551
-0.33042 -0.25789 -0.2734
-0.06764 -0.41554 -0.18184
0.93678 -0.05407 0.95621
-0.92766 -0.86556 -0.52614
0.32367 0.32461 -0.02854
