0 13
0 44
0 47
0 32
1 58
1 32
1 47
1 13
2 32
2 47
2 31
2 13
2 35
2 27
2 51
2 29
2 26
2 37
2 49
2 16
2 4
2 9
2 53
2 30
2 11
2 5
2 36
2 54
2 46
2 40
2 20
3 32
3 13
3 44
4 32
4 13
4 47
4 15
5 47
5 32
6 39
7 32
7 47
7 31
8 31
8 47
8 32
8 26
9 47
9 31
9 32
9 35
9 37
10 47
10 32
10 13
10 35
10 31
10 18
11 31
11 32
11 47
11 13
11 29
12 32
12 47
12 35
12 13
12 18
12 31
13 47
13 31
13 32
13 35
13 27
13 51
13 18
13 44
13 29
13 39
13 23
13 37
13 48
13 22
13 38
13 34
13 19
13 57
13 54
13 17
13 60
13 28
13 45
14 47
14 32
14 31
15 32
16 31
16 32
16 47
16 35
17 39
17 29
17 32
18 47
18 32
18 35
18 44
18 48
18 22
18 19
19 32
19 47
19 31
19 35
20 47
20 32
20 31
20 29
20 35
21 33
21 32
22 47
22 32
22 35
22 31
23 32
23 47
23 31
24 47
24 32
24 31
25 41
25 32
25 33
26 31
26 47
26 32
26 59
26 53
26 30
26 56
26 57
26 36
27 47
27 31
27 32
27 51
27 60
27 45
27 40
28 48
28 47
29 47
29 31
29 32
29 35
29 39
30 31
30 47
30 32
31 47
31 32
31 35
31 33
31 51
31 39
31 37
31 59
31 49
31 42
31 55
31 43
31 48
31 53
31 34
31 56
31 57
31 36
31 54
31 45
31 46
31 40
32 47
32 35
32 33
32 51
32 44
32 39
32 37
32 59
32 49
32 42
32 55
32 43
32 48
32 53
32 38
32 34
32 56
32 58
32 57
32 36
32 54
32 60
32 45
32 46
32 40
32 52
32 41
32 50
33 47
33 41
34 47
35 47
35 37
35 54
36 47
37 47
38 47
39 47
40 47
42 47
43 47
44 47
45 47
47 51
47 59
47 49
47 55
47 48
47 53
47 56
47 58
47 57
47 54
47 60
47 52
51 60
