0.16516 0.11872 -0.44175
0.22302 -0.10148 -0.40504
-0.21044 -0.09079 0.16007
0.03293 0.36316 -0.49973
-0.40119 -0.14072 -0.18735
-0.18748 -0.47341 0.08528
0.26503 0.3289 1.0
0.09906 -0.44011 -0.02014
0.26326 -0.23985 0.25738
-0.29408 -0.29182 0.09603
-0.30802 0.06723 -0.23446
-0.16611 0.19035 0.19359
-0.24216 -0.09314 -0.27017
-0.04478 0.08922 -0.14111
-0.10917 -0.43054 -0.1317
-0.54848 -0.18023 -0.41356
-0.40911 -0.02549 0.18518
0.12636 0.3705 0.28394
-0.16999 0.00391 -0.37947
-0.19479 0.15384 -0.2671
-0.24515 -0.02141 0.3088
0.68959 0.01577 -0.13072
-0.13774 -0.19529 -0.25673
0.20386 0.25812 -0.08756
0.11109 0.38431 0.11274
0.68015 -0.0357 0.18714
0.10025 -0.24889 0.24737
-0.16831 0.28638 0.04924
-0.06021 -0.17877 -0.57419
-0.06291 0.11931 0.246
-0.08653 -0.28174 0.32922
-0.05201 -0.02629 0.07882
0.02738 0.00317 -0.01187
0.4543 0.00249 0.05221
0.27776 0.02535 -0.1772
-0.26023 -0.04093 -0.0403
-0.04281 -0.36324 0.20968
-0.25523 -0.22505 -0.04487
0.24656 0.26227 -0.30249
0.10719 0.1781 0.40167
-0.31718 0.18795 0.22587
0.68861 0.11878 0.11144
-0.37155 0.26644 -0.10955
-0.06403 0.29837 0.337
-0.00632 0.16352 -0.46305
-0.00181 0.36144 -0.06311
-0.24584 -0.09528 0.49333
-0.02633 -0.03475 -0.02867
-0.00314 -0.13553 -0.35739
-0.39621 -0.20437 0.17594
0.47428 0.56808 -0.07196
-0.25858 0.23896 -0.01268
0.34288 -0.39613 -0.18515
0.00174 -0.15689 0.38806
-0.37887 0.05037 0.00543
0.30476 0.17668 0.18671
0.23466 -0.35683 0.11759
0.24092 -0.1744 -0.00252
0.29015 -0.27736 -0.38754
0.23723 -0.09513 0.3389
-0.16138 0.3999 -0.16553
